.Random.seed <-
c(403L, 240L, 611079414L, 768209203L, -160146137L, 1836577278L, 
1341826504L, -1501124862L, 24481517L, 45081263L, 649967228L, 
-1769334892L, 1031724484L, 995668631L, -1621268293L, -696481252L, 
-276579003L, 1261541495L, 627293247L, -297144034L, -1479646429L, 
1829037074L, 1144508890L, -739352840L, 303361202L, -322048377L, 
-2131023659L, -726175760L, -1460800080L, 1311482364L, -1930424573L, 
384390190L, -1108060292L, -2124086726L, -1104838057L, 1204164086L, 
-1630228947L, 695270532L, 992363771L, 315628545L, 821778496L, 
-1489446954L, -121506013L, -1864894901L, -1782523622L, -1343197370L, 
-291506806L, 166598396L, 1317612361L, -971558683L, -119401034L, 
1463303594L, -335385961L, -754869220L, 533593097L, -284921699L, 
-186625041L, -393501165L, -1586227961L, 261953332L, 1163998536L, 
-1262300129L, -1277966916L, 1504600081L, -1368995596L, 1000020646L, 
1143937169L, 702598213L, 1987900786L, 1132192749L, -1190945161L, 
1528140388L, -1771718795L, 1956006055L, 417798538L, -1551567653L, 
-2026339010L, 66620993L, 1257818089L, -1810188914L, -540522895L, 
-2043040173L, -101190935L, -473491074L, -57191147L, 120489065L, 
-1893161222L, -931099865L, -1462890663L, -475763262L, 30061583L, 
682323118L, 1638220145L, -1772816428L, 342648678L, 749635170L, 
1614454710L, 1037182516L, -188378812L, 951593172L, 1414061835L, 
-2008404920L, 1817616176L, -626769925L, 1087911775L, -1970282449L, 
-1927556025L, 879866785L, -1485843875L, 445605569L, -647318909L, 
1124688779L, 2124110005L, 1534507294L, -914296057L, 1193436155L, 
-504498813L, -51446007L, 1791443527L, -454974814L, 261844249L, 
-2022924848L, 136880982L, -1953715305L, -1068109180L, 1328018753L, 
-396172058L, 1425381529L, 314490224L, 257011901L, 47910454L, 
-1910670309L, 1029749665L, -276887054L, 501362043L, 1322153964L, 
1517061302L, 384385659L, -911395709L, 1858702340L, -1200684500L, 
-1794535258L, -1822272713L, 1712673932L, 631682052L, -1088563165L, 
1740189755L, 1195185785L, -893813472L, 1337410445L, -833512327L, 
2081835928L, 316840978L, 109301477L, 5794663L, -1808040809L, 
-1399218477L, -1562892362L, 1804913281L, -1946728154L, -1209503126L, 
1189576767L, 456240316L, -1896535964L, 1049202662L, -1890559678L, 
-1831840064L, -619083774L, 569448041L, 1235509829L, -1921795968L, 
-1145975525L, -243111145L, -499659155L, -493711307L, 851460366L, 
1120521521L, 461161618L, 1521080654L, 389901942L, 46014190L, 
1192008667L, -632216566L, 465828866L, 1820573996L, -1945473758L, 
1466972365L, -1399233664L, -492728323L, 886951124L, -912184988L, 
1526621576L, -1108708530L, -633957032L, 617283945L, -434660520L, 
1599893565L, -960273966L, 741783219L, -1405577127L, -24700497L, 
1737265331L, -1984875435L, 1551163898L, 828806679L, 707093151L, 
-217348037L, -782730774L, -1672241879L, 834048822L, 337664451L, 
1581107610L, 2024663451L, 2095672549L, 2009807729L, -2122302809L, 
820276801L, -608538669L, -321712452L, 1076486659L, 1298509435L, 
-361535085L, -830422479L, -99006825L, -280454272L, 1184548646L, 
-2146198066L, -716396530L, -1359016912L, 1778923070L, 1113320068L, 
235922834L, -1620478363L, 554824365L, 422020522L, 505629554L, 
-1453742621L, -341654112L, 2087920444L, 1058415248L, -1282428522L, 
1797850646L, 298292287L, 80851790L, -383606851L, -751031515L, 
-2109789398L, -1371741114L, -1118827370L, -394359477L, 1725213554L, 
268963581L, 1904425696L, -182919477L, 1697118297L, 750880276L, 
733109476L, -291960670L, -171705405L, -1982965174L, 169386978L, 
-2085483044L, -357922601L, 977063431L, 1604098924L, 671586383L, 
-63473810L, 701217331L, -1057170591L, 1905911076L, 841402677L, 
1816460908L, 1236676558L, -779635152L, -639422879L, 1975958254L, 
1810012891L, -1184993675L, 160789754L, 590448704L, 1861698216L, 
-527273759L, 1916685079L, 1049199073L, 496014805L, -1933917909L, 
1794483519L, -1898480774L, -169019491L, -122525269L, -890002846L, 
-1926714744L, 571152173L, 1730872638L, 787646688L, -108607856L, 
1885961112L, 53346273L, -560240767L, -1525810574L, 1001782998L, 
302848985L, 333234784L, 1582459254L, -989022053L, -426271176L, 
836094109L, -51744124L, 2114783933L, -480119806L, -1000239128L, 
2070396565L, 712808871L, 236851606L, -1558409968L, -1236608880L, 
1326405680L, 186540430L, -1008830023L, 1327518712L, 1156606146L, 
207783410L, 1072063642L, -1136119369L, -583457576L, 565181657L, 
813253683L, 1227351784L, -1341783333L, 902830041L, 352199347L, 
-659164663L, 1062259521L, 622778751L, 1278665148L, -1635211606L, 
-558841818L, 933439948L, -577728859L, -113200391L, 1055284366L, 
-1368201060L, -766406767L, 1628884662L, -1773160257L, 114073270L, 
106277066L, 1798005707L, -813413761L, -1311145073L, -1053354184L, 
-1761973730L, 2018005865L, -91965158L, 345059618L, -99459597L, 
1835787146L, 1901017696L, 2066973516L, -38652419L, -349152331L, 
1426965155L, -241404427L, 687061408L, -1842479030L, 2066590505L, 
-744850121L, -88672171L, 424572264L, 1462845641L, -1992641480L, 
837928136L, 130928874L, -1651526969L, -500653799L, -2008527510L, 
-1896952623L, 1028589913L, 383139549L, 1996708224L, 1432038497L, 
-2006589066L, 994970073L, 1064455870L, -2027901355L, 913230479L, 
1861008081L, 527221250L, -1078998177L, -1795052475L, 2100778121L, 
84216732L, -2118313375L, -1961045618L, 698654713L, 154353370L, 
-956734666L, -1012481946L, -1576218258L, 1851423026L, -1256554303L, 
363874014L, -468031628L, -833933785L, 1318090711L, 468304708L, 
1227591944L, 1548587737L, 294690375L, -317145271L, -1844014326L, 
-368893565L, -1675853641L, 1233964956L, -1012871514L, -732745858L, 
924303674L, -1187298688L, 499124112L, 277862843L, -801165987L, 
-1436874958L, -1550944039L, 437835126L, -261647624L, -183533552L, 
1288120626L, 1619902941L, -186267231L, 1907701467L, 1233753978L, 
-2021167256L, -816419708L, 956581145L, -1150648375L, -1523795744L, 
1232303777L, -58995614L, -2074896649L, 193846283L, 1315391221L, 
-1419128277L, 1951671397L, 118870947L, 1451743376L, -1600239070L, 
-1595471174L, 499084120L, 882737080L, -814042065L, 571913054L, 
1997107374L, 1654774750L, -1952945630L, -1062645518L, -1183354933L, 
-1435146155L, 218809368L, 1623997179L, 480820775L, -1041719122L, 
-797794764L, 1089023953L, 3740548L, 775105845L, -449223753L, 
-391432709L, 1016417816L, -1045410168L, 2105125101L, -314302477L, 
1169378497L, -1900304851L, 95643701L, -442751736L, -307092124L, 
-117216677L, -650508046L, -1192091L, 801260136L, -466682424L, 
1272126273L, 914720651L, 1079771245L, -933542971L, 931970658L, 
-2028533804L, -1620125031L, 1209574695L, -1454756756L, -266455165L, 
2048625693L, -728134867L, 1346992959L, 137819912L, 1419109L, 
-1454092701L, -622100400L, 1845330778L, -1719523057L, -1054308511L, 
-1246192230L, -1890066765L, 1233317763L, -1144573499L, -2107571021L, 
816398609L, 991429534L, 1460319912L, -1370699437L, 319241273L, 
-1558695698L, 1177666098L, 1860029384L, 92945282L, -1983981115L, 
1344931957L, -298628152L, -730044330L, 1315513881L, -1756813292L, 
-3985648L, -621856296L, 757337507L, -652018999L, -631272703L, 
1210715778L, 813743924L, -49555164L, -1041933816L, 1021844963L, 
403434863L, -872534402L, 1828704233L, 373939649L, 1866056840L, 
1427504386L, -1223580411L, 1519749598L, -337054455L, 600547330L, 
982474996L, 1673514254L, 1723317767L, 430046312L, -1394061104L, 
-503815201L, -588659393L, 825350792L, -1823002969L, 1732086236L, 
1969336308L, -2135831939L, -1996483383L, 654547176L, 777817100L, 
1719557345L, -1775042302L, 1150192468L, -2122777747L, -1869553886L, 
-1665118287L, -667274001L, 1655801016L, -1359661484L, -1338686540L, 
1493336575L, 740979642L, -1345149681L, 1310715037L, 820930431L, 
1422744070L, 1054468432L, -679521134L, -1793162817L, -332854694L, 
-272387868L, 1924077252L, -1569276996L, 1228530304L, 501968158L, 
-135216725L, 257878838L, 1029510889L, 2145818028L, -159611849L, 
966141010L, -2020643925L, 243857166L, -452258230L, -1778269670L, 
1491871949L, 1438237401L, -818846246L, -177473807L, -1687967295L, 
-1652334719L, 963139001L, -1956045140L, 237364723L, -93778401L, 
1067176327L, 1453930418L, -1295659932L, 270678548L, 1652587517L, 
